122 473
122 474
122 475
122 476
122 477
122 478
122 479
122 480
122 481
122 482
122 483
122 484
122 485
122 486
122 487
122 488
122 489
122 490
122 491
122 492
122 493
122 494
122 495
122 496
122 497
122 498
122 499
122 500
122 501
122 502
122 503
122 504
122 505
122 506
122 507
122 508
122 509
122 510
122 511
122 512
122 513
122 514
122 515
122 516
122 517
122 518
122 519
122 520
122 521
122 522
122 523
122 524
122 525
122 526
122 527
122 528
122 529
123 466
123 467
123 468
123 469
123 470
123 471
123 472
123 530
123 531
123 532
123 533
123 534
124 451
124 452
124 453
124 454
124 455
124 456
124 457
124 458
124 459
124 460
124 461
124 462
124 463
124 464
124 465
124 466
124 534
124 535
124 536
124 537
124 538
124 539
124 540
124 541
124 542
124 543
124 544
124 545
124 546
124 547
124 548
124 549
124 550
124 551
124 552
124 553
124 554
124 555
124 556
124 557
124 558
124 559
124 560
125 445
125 446
125 447
125 448
125 449
125 450
125 561
125 562
125 563
125 564
125 565
125 566
126 441
126 442
126 443
126 444
126 567
126 568
126 569
126 570
126 571
127 438
127 439
127 440
127 572
127 573
127 574
127 575
127 576
128 437
128 438
128 577
128 578
128 579
128 580
129 434
129 435
129 436
129 581
129 582
129 583
130 432
130 433
130 434
130 584
130 585
130 586
131 428
131 429
131 430
131 431
131 432
131 586
131 587
131 588
131 589
131 590
132 423
132 424
132 425
132 426
132 427
132 590
132 591
132 592
133 418
133 419
133 420
133 421
133 422
133 593
133 594
133 595
134 413
134 414
134 415
134 416
134 417
134 596
134 597
135 406
135 407
135 408
135 409
135 410
135 411
135 412
135 598
135 599
135 600
136 402
136 403
136 404
136 405
136 406
136 600
137 400
137 401
137 402
137 601
137 602
138 397
138 398
138 399
138 603
139 394
139 395
139 396
139 604
139 605
139 606
140 392
140 393
140 394
140 606
141 388
141 389
141 390
141 391
141 606
141 607
142 385
142 386
142 387
142 608
142 609
143 380
143 381
143 382
143 383
143 384
143 610
144 377
144 378
144 379
144 380
144 611
145 370
145 371
145 372
145 373
145 374
145 375
145 376
145 612
146 365
146 366
146 367
146 368
146 369
146 370
146 613
147 358
147 359
147 360
147 361
147 362
147 363
147 364
147 614
148 354
148 355
148 356
148 357
148 358
148 615
149 350
149 351
149 352
149 353
149 354
149 616
150 347
150 348
150 349
150 617
151 344
151 345
151 346
151 618
151 619
151 620
152 343
152 344
152 620
153 341
153 342
153 621
153 622
154 338
154 339
154 340
154 623
155 336
155 337
155 338
155 624
155 625
155 626
156 333
156 334
156 335
156 626
157 330
157 331
157 332
157 626
157 627
157 628
158 328
158 329
158 330
158 629
159 326
159 327
159 328
159 630
160 323
160 324
160 325
160 631
161 321
161 322
161 632
162 318
162 319
162 320
162 633
162 634
163 314
163 315
163 316
163 317
163 318
163 634
163 635
163 636
164 313
164 314
164 637
165 310
165 311
165 312
165 638
165 639
166 310
166 640
167 308
167 309
167 310
167 640
167 641
167 642
168 307
168 643
169 305
169 306
169 644
170 303
170 304
170 645
170 646
171 302
171 646
171 647
171 648
172 300
172 301
172 649
172 650
173 298
173 299
173 650
173 651
173 652
174 297
174 653
175 294
175 295
175 296
175 654
176 293
176 294
176 655
177 290
177 291
177 292
177 656
178 289
178 290
178 657
178 658
178 659
178 660
178 661
178 662
178 663
178 664
178 665
178 666
178 667
179 286
179 287
179 288
179 668
180 285
180 286
180 669
180 670
180 671
180 672
180 673
180 674
180 675
181 282
181 283
181 284
181 676
182 281
182 282
182 677
182 678
182 679
182 680
183 278
183 279
183 280
183 680
183 681
183 682
184 277
184 278
184 683
184 684
185 274
185 275
185 276
185 685
185 686
186 273
186 274
186 687
186 688
187 270
187 271
187 272
187 688
187 689
187 690
188 269
188 270
188 691
188 692
189 266
189 267
189 268
189 693
189 694
189 695
190 265
190 266
190 696
190 697
190 698
191 262
191 263
191 264
191 698
191 699
191 700
192 261
192 262
192 701
192 702
193 258
193 259
193 260
193 702
193 703
193 704
194 257
194 258
194 705
195 254
195 255
195 256
195 706
195 707
195 708
196 253
196 254
196 708
197 252
197 709
197 710
198 250
198 251
198 711
198 712
198 713
198 714
198 715
199 248
199 249
199 250
199 715
200 247
200 715
200 716
200 717
201 245
201 246
201 718
202 243
202 244
202 719
203 240
203 241
203 242
203 720
204 239
204 240
204 721
205 238
205 722
206 237
206 723
206 724
207 236
207 724
207 725
207 726
208 235
208 727
209 233
209 234
209 728
210 231
210 232
210 728
211 231
211 728
211 729
211 730
212 231
212 730
213 229
213 230
213 730
214 227
214 228
214 731
215 227
215 731
215 732
216 227
216 732
217 226
217 732
218 226
218 732
219 224
219 225
219 226
219 732
219 733
220 224
220 733
221 224
221 734
222 223
222 735
223 222
223 736
224 221
224 737
225 220
225 737
226 219
226 737
227 218
227 737
228 217
228 469
228 470
228 471
228 472
228 473
228 474
228 475
228 476
228 477
228 478
228 479
228 480
228 481
228 482
228 483
228 484
228 485
228 486
228 487
228 488
228 489
228 490
228 491
228 492
228 493
228 494
228 495
228 496
228 497
228 498
228 499
228 500
228 501
228 502
228 503
228 504
228 505
228 506
228 507
228 508
228 509
228 510
228 511
228 512
228 513
228 514
228 515
228 516
228 517
228 518
228 519
228 520
228 521
228 522
228 523
228 524
228 525
228 526
228 737
228 738
228 739
229 216
229 459
229 460
229 461
229 462
229 463
229 464
229 465
229 466
229 467
229 468
229 469
229 470
229 471
229 472
229 473
229 474
229 475
229 476
229 477
229 478
229 479
229 480
229 481
229 482
229 483
229 484
229 485
229 486
229 487
229 488
229 489
229 490
229 491
229 492
229 493
229 494
229 495
229 496
229 497
229 498
229 499
229 500
229 501
229 502
229 503
229 504
229 505
229 506
229 507
229 508
229 509
229 510
229 511
229 512
229 513
229 514
229 515
229 516
229 517
229 518
229 519
229 520
229 521
229 522
229 523
229 524
229 525
229 526
229 527
229 528
229 529
229 530
229 531
229 532
229 533
229 534
229 535
229 536
229 537
229 538
229 539
229 540
229 541
229 542
229 543
229 544
229 545
229 546
229 547
229 548
229 549
229 739
230 215
230 452
230 453
230 454
230 455
230 456
230 457
230 458
230 459
230 460
230 461
230 462
230 463
230 464
230 465
230 466
230 467
230 468
230 469
230 470
230 471
230 472
230 473
230 474
230 475
230 476
230 477
230 478
230 479
230 480
230 481
230 482
230 483
230 484
230 485
230 486
230 487
230 488
230 489
230 490
230 491
230 492
230 493
230 494
230 495
230 496
230 497
230 498
230 499
230 500
230 501
230 502
230 503
230 504
230 505
230 506
230 507
230 508
230 509
230 510
230 511
230 512
230 513
230 514
230 515
230 516
230 517
230 518
230 519
230 520
230 521
230 522
230 523
230 524
230 525
230 526
230 527
230 528
230 529
230 530
230 531
230 532
230 533
230 534
230 535
230 536
230 537
230 538
230 539
230 540
230 541
230 542
230 543
230 544
230 545
230 546
230 547
230 548
230 549
230 550
230 551
230 552
230 553
230 554
230 555
230 556
230 557
230 558
230 559
230 560
230 561
230 562
230 563
230 564
230 565
230 566
230 567
230 568
230 739
231 214
231 447
231 448
231 449
231 450
231 451
231 452
231 453
231 454
231 455
231 456
231 457
231 458
231 459
231 460
231 461
231 462
231 463
231 464
231 465
231 466
231 467
231 468
231 469
231 470
231 471
231 472
231 473
231 474
231 475
231 476
231 477
231 478
231 479
231 480
231 481
231 482
231 483
231 484
231 485
231 486
231 487
231 488
231 489
231 490
231 491
231 492
231 493
231 494
231 495
231 496
231 497
231 498
231 499
231 500
231 501
231 502
231 503
231 504
231 505
231 506
231 507
231 508
231 509
231 510
231 511
231 512
231 513
231 514
231 515
231 516
231 517
231 518
231 519
231 520
231 521
231 522
231 523
231 524
231 525
231 526
231 527
231 528
231 529
231 530
231 531
231 532
231 533
231 534
231 535
231 536
231 537
231 538
231 539
231 540
231 541
231 542
231 543
231 544
231 545
231 546
231 547
231 548
231 549
231 550
231 551
231 552
231 553
231 554
231 555
231 556
231 557
231 558
231 559
231 560
231 561
231 562
231 563
231 564
231 565
231 566
231 567
231 568
231 569
231 570
231 571
231 572
231 573
231 574
231 575
231 576
231 577
231 578
231 579
231 580
231 581
231 582
231 583
231 584
231 739
232 213
232 444
232 445
232 446
232 447
232 448
232 449
232 450
232 451
232 452
232 453
232 454
232 455
232 456
232 457
232 458
232 459
232 460
232 461
232 462
232 463
232 464
232 465
232 466
232 467
232 468
232 469
232 470
232 471
232 472
232 473
232 474
232 475
232 476
232 477
232 478
232 479
232 480
232 481
232 482
232 483
232 484
232 485
232 486
232 487
232 488
232 489
232 490
232 491
232 492
232 493
232 494
232 495
232 496
232 497
232 498
232 499
232 500
232 501
232 502
232 503
232 504
232 505
232 506
232 507
232 508
232 509
232 510
232 511
232 512
232 513
232 514
232 515
232 516
232 517
232 518
232 519
232 520
232 521
232 522
232 523
232 524
232 525
232 526
232 527
232 528
232 529
232 530
232 531
232 532
232 533
232 534
232 535
232 536
232 537
232 538
232 539
232 540
232 541
232 542
232 543
232 544
232 545
232 546
232 547
232 548
232 549
232 550
232 551
232 552
232 553
232 554
232 555
232 556
232 557
232 558
232 559
232 560
232 561
232 562
232 563
232 564
232 565
232 566
232 567
232 568
232 569
232 570
232 571
232 572
232 573
232 574
232 575
232 576
232 577
232 578
232 579
232 580
232 581
232 582
232 583
232 584
232 585
232 586
232 587
232 588
232 589
232 590
232 591
232 592
232 593
232 594
232 595
232 596
232 597
232 598
232 739
233 212
233 442
233 443
233 444
233 445
233 446
233 447
233 448
233 449
233 450
233 451
233 452
233 453
233 454
233 455
233 456
233 457
233 458
233 459
233 460
233 461
233 462
233 463
233 464
233 465
233 466
233 467
233 468
233 527
233 528
233 529
233 530
233 531
233 532
233 533
233 534
233 535
233 536
233 537
233 538
233 539
233 540
233 541
233 542
233 543
233 544
233 545
233 546
233 547
233 548
233 549
233 550
233 551
233 552
233 553
233 554
233 555
233 556
233 557
233 558
233 559
233 560
233 561
233 562
233 563
233 564
233 565
233 566
233 567
233 568
233 569
233 570
233 571
233 572
233 573
233 574
233 575
233 576
233 577
233 578
233 579
233 580
233 581
233 582
233 583
233 584
233 585
233 586
233 587
233 588
233 589
233 590
233 591
233 592
233 593
233 594
233 595
233 596
233 597
233 598
233 599
233 600
233 601
233 602
233 603
233 604
233 605
233 606
233 607
233 608
233 609
233 610
233 611
233 612
233 740
234 211
234 440
234 441
234 442
234 443
234 444
234 445
234 446
234 447
234 448
234 449
234 450
234 451
234 452
234 453
234 454
234 455
234 456
234 457
234 458
234 551
234 552
234 553
234 554
234 555
234 556
234 557
234 558
234 559
234 560
234 561
234 562
234 563
234 564
234 565
234 566
234 567
234 568
234 569
234 570
234 571
234 572
234 573
234 574
234 575
234 576
234 577
234 578
234 579
234 580
234 581
234 582
234 583
234 584
234 585
234 586
234 587
234 588
234 589
234 590
234 591
234 592
234 593
234 594
234 595
234 596
234 597
234 598
234 599
234 600
234 601
234 602
234 603
234 604
234 605
234 606
234 607
234 608
234 609
234 610
234 611
234 612
234 613
234 614
234 615
234 616
234 617
234 618
234 619
234 620
234 621
234 622
234 623
234 624
234 625
234 741
235 210
235 438
235 439
235 440
235 441
235 442
235 443
235 444
235 445
235 446
235 447
235 448
235 449
235 450
235 451
235 569
235 570
235 571
235 572
235 573
235 574
235 575
235 576
235 577
235 578
235 579
235 580
235 581
235 582
235 583
235 584
235 585
235 586
235 587
235 588
235 589
235 590
235 591
235 592
235 593
235 594
235 595
235 596
235 597
235 598
235 599
235 600
235 601
235 602
235 603
235 604
235 605
235 606
235 607
235 608
235 609
235 610
235 611
235 612
235 613
235 614
235 615
235 616
235 617
235 618
235 619
235 620
235 621
235 622
235 623
235 624
235 625
235 626
235 627
235 628
235 629
235 630
235 631
235 632
235 633
235 634
235 635
235 636
235 637
235 638
235 741
236 208
236 209
236 437
236 438
236 439
236 440
236 441
236 442
236 443
236 444
236 445
236 446
236 447
236 585
236 586
236 587
236 588
236 589
236 590
236 591
236 592
236 593
236 594
236 595
236 596
236 597
236 598
236 599
236 600
236 601
236 602
236 603
236 604
236 605
236 606
236 607
236 608
236 609
236 610
236 611
236 612
236 613
236 614
236 615
236 616
236 617
236 618
236 619
236 620
236 621
236 622
236 623
236 624
236 625
236 626
236 627
236 628
236 629
236 630
236 631
236 632
236 633
236 634
236 635
236 636
236 637
236 638
236 639
236 640
236 641
236 642
236 643
236 644
236 645
236 646
236 741
237 206
237 207
237 437
237 438
237 439
237 440
237 441
237 442
237 443
237 444
237 600
237 601
237 602
237 603
237 604
237 605
237 606
237 607
237 608
237 609
237 610
237 611
237 612
237 613
237 614
237 615
237 616
237 617
237 618
237 619
237 620
237 621
237 622
237 623
237 624
237 625
237 626
237 627
237 628
237 629
237 630
237 631
237 632
237 633
237 634
237 635
237 636
237 637
237 638
237 639
237 640
237 641
237 642
237 643
237 644
237 645
237 646
237 647
237 741
238 206
238 436
238 437
238 438
238 439
238 440
238 441
238 442
238 613
238 614
238 615
238 616
238 617
238 618
238 619
238 620
238 621
238 622
238 623
238 624
238 625
238 626
238 627
238 628
238 629
238 630
238 631
238 632
238 633
238 634
238 635
238 636
238 637
238 638
238 639
238 640
238 641
238 642
238 643
238 644
238 645
238 646
238 647
238 741
239 204
239 205
239 206
239 436
239 437
239 438
239 439
239 440
239 441
239 627
239 628
239 629
239 630
239 631
239 632
239 633
239 634
239 635
239 636
239 637
239 638
239 639
239 640
239 641
239 642
239 643
239 644
239 645
239 646
239 647
239 741
240 203
240 435
240 436
240 437
240 438
240 439
240 440
240 640
240 641
240 642
240 643
240 644
240 645
240 646
240 741
241 202
241 435
241 436
241 437
241 438
241 439
241 741
242 201
242 435
242 436
242 437
242 438
242 439
242 440
242 741
243 200
243 201
243 436
243 437
243 438
243 439
243 440
243 741
244 200
244 436
244 437
244 438
244 439
244 440
244 441
244 741
245 198
245 199
245 436
245 437
245 438
245 439
245 440
245 441
245 442
245 741
246 198
246 437
246 438
246 439
246 440
246 441
246 442
246 443
246 741
247 197
247 438
247 439
247 440
247 441
247 442
247 443
247 444
247 741
248 197
248 439
248 440
248 441
248 442
248 443
248 444
248 445
248 741
249 196
249 439
249 440
249 441
249 442
249 443
249 444
249 445
249 446
249 741
250 195
250 441
250 442
250 443
250 444
250 445
250 446
250 447
250 741
251 192
251 193
251 194
251 442
251 443
251 444
251 445
251 446
251 447
251 448
251 449
251 741
252 192
252 443
252 444
252 445
252 446
252 447
252 448
252 449
252 450
252 741
253 190
253 191
253 444
253 445
253 446
253 447
253 448
253 449
253 450
253 451
253 452
253 741
254 189
254 190
254 445
254 446
254 447
254 448
254 449
254 450
254 451
254 452
254 453
254 741
255 188
255 447
255 448
255 449
255 450
255 451
255 452
255 453
255 454
255 455
255 741
256 186
256 187
256 448
256 449
256 450
256 451
256 452
256 453
256 454
256 455
256 456
256 457
256 741
257 185
257 186
257 450
257 451
257 452
257 453
257 454
257 455
257 456
257 457
257 458
257 741
258 184
258 451
258 452
258 453
258 454
258 455
258 456
258 457
258 458
258 459
258 460
258 741
259 182
259 183
259 184
259 453
259 454
259 455
259 456
259 457
259 458
259 459
259 460
259 461
259 462
259 741
260 181
260 455
260 456
260 457
260 458
260 459
260 460
260 461
260 462
260 463
260 464
260 741
261 180
261 456
261 457
261 458
261 459
261 460
261 461
261 462
261 463
261 464
261 465
261 466
261 741
262 179
262 458
262 459
262 460
262 461
262 462
262 463
262 464
262 465
262 466
262 467
262 468
262 741
263 178
263 460
263 461
263 462
263 463
263 464
263 465
263 466
263 467
263 468
263 469
263 470
263 741
264 177
264 462
264 463
264 464
264 465
264 466
264 467
264 468
264 469
264 470
264 471
264 472
264 741
265 176
265 464
265 465
265 466
265 467
265 468
265 469
265 470
265 471
265 472
265 473
265 474
265 741
266 175
266 466
266 467
266 468
266 469
266 470
266 471
266 472
266 473
266 474
266 475
266 476
266 741
267 174
267 468
267 469
267 470
267 471
267 472
267 473
267 474
267 475
267 476
267 477
267 478
267 742
268 173
268 470
268 471
268 472
268 473
268 474
268 475
268 476
268 477
268 478
268 479
268 480
268 743
269 172
269 472
269 473
269 474
269 475
269 476
269 477
269 478
269 479
269 480
269 481
269 482
269 744
270 170
270 171
270 474
270 475
270 476
270 477
270 478
270 479
270 480
270 481
270 482
270 483
270 484
270 745
271 168
271 169
271 476
271 477
271 478
271 479
271 480
271 481
271 482
271 483
271 484
271 485
271 486
271 487
271 745
272 168
272 478
272 479
272 480
272 481
272 482
272 483
272 484
272 485
272 486
272 487
272 488
272 489
272 745
273 166
273 167
273 480
273 481
273 482
273 483
273 484
273 485
273 486
273 487
273 488
273 489
273 490
273 491
273 746
274 165
274 166
274 482
274 483
274 484
274 485
274 486
274 487
274 488
274 489
274 490
274 491
274 492
274 493
274 747
275 164
275 484
275 485
275 486
275 487
275 488
275 489
275 490
275 491
275 492
275 493
275 494
275 495
275 496
275 747
276 163
276 486
276 487
276 488
276 489
276 490
276 491
276 492
276 493
276 494
276 495
276 496
276 497
276 498
276 747
277 162
277 489
277 490
277 491
277 492
277 493
277 494
277 495
277 496
277 497
277 498
277 499
277 500
277 747
278 161
278 491
278 492
278 493
278 494
278 495
278 496
278 497
278 498
278 499
278 500
278 501
278 502
278 747
279 160
279 493
279 494
279 495
279 496
279 497
279 498
279 499
279 500
279 501
279 502
279 503
279 504
279 505
279 747
280 159
280 496
280 497
280 498
280 499
280 500
280 501
280 502
280 503
280 504
280 505
280 506
280 507
280 747
280 748
280 749
281 158
281 498
281 499
281 500
281 501
281 502
281 503
281 504
281 505
281 506
281 507
281 508
281 509
281 749
282 157
282 500
282 501
282 502
282 503
282 504
282 505
282 506
282 507
282 508
282 509
282 510
282 511
282 512
282 749
283 156
283 503
283 504
283 505
283 506
283 507
283 508
283 509
283 510
283 511
283 512
283 513
283 514
283 749
284 155
284 505
284 506
284 507
284 508
284 509
284 510
284 511
284 512
284 513
284 514
284 515
284 516
284 517
284 749
285 154
285 507
285 508
285 509
285 510
285 511
285 512
285 513
285 514
285 515
285 516
285 517
285 518
285 519
285 749
286 153
286 510
286 511
286 512
286 513
286 514
286 515
286 516
286 517
286 518
286 519
286 520
286 521
286 522
286 739
286 740
286 741
286 742
286 743
286 744
286 745
286 746
286 747
286 749
287 152
287 512
287 513
287 514
287 515
287 516
287 517
287 518
287 519
287 520
287 521
287 522
287 523
287 524
287 748
288 151
288 514
288 515
288 516
288 517
288 518
288 519
288 520
288 521
288 522
288 523
288 524
288 525
288 526
288 527
288 748
289 150
289 151
289 517
289 518
289 519
289 520
289 521
289 522
289 523
289 524
289 525
289 526
289 527
289 528
289 529
289 749
290 150
290 519
290 520
290 521
290 522
290 523
290 524
290 525
290 526
290 527
290 528
290 529
290 530
290 531
290 749
291 150
291 521
291 522
291 523
291 524
291 525
291 526
291 527
291 528
291 529
291 530
291 531
291 532
291 533
291 534
291 749
291 750
292 150
292 524
292 525
292 526
292 527
292 528
292 529
292 530
292 531
292 532
292 533
292 534
292 535
292 536
292 750
293 149
293 150
293 268
293 269
293 270
293 271
293 272
293 273
293 274
293 275
293 276
293 277
293 278
293 279
293 280
293 281
293 282
293 283
293 284
293 285
293 286
293 287
293 288
293 289
293 526
293 527
293 528
293 529
293 530
293 531
293 532
293 533
293 534
293 535
293 536
293 537
293 750
294 147
294 148
294 149
294 261
294 262
294 263
294 264
294 265
294 266
294 267
294 268
294 269
294 270
294 271
294 272
294 273
294 274
294 275
294 276
294 277
294 278
294 279
294 280
294 281
294 282
294 283
294 284
294 285
294 286
294 287
294 288
294 289
294 290
294 291
294 292
294 293
294 294
294 295
294 529
294 530
294 531
294 532
294 533
294 534
294 535
294 536
294 537
294 750
295 146
295 257
295 258
295 259
295 260
295 261
295 262
295 263
295 264
295 265
295 266
295 267
295 268
295 269
295 270
295 271
295 272
295 273
295 274
295 275
295 276
295 277
295 278
295 279
295 280
295 281
295 282
295 283
295 284
295 285
295 286
295 287
295 288
295 289
295 290
295 291
295 292
295 293
295 294
295 295
295 296
295 297
295 298
295 299
295 300
295 531
295 532
295 533
295 534
295 535
295 536
295 537
295 750
295 751
296 146
296 253
296 254
296 255
296 256
296 257
296 258
296 259
296 260
296 261
296 262
296 263
296 264
296 265
296 266
296 267
296 268
296 269
296 270
296 271
296 272
296 273
296 274
296 275
296 276
296 277
296 278
296 279
296 280
296 281
296 282
296 283
296 284
296 285
296 286
296 287
296 288
296 289
296 290
296 291
296 292
296 293
296 294
296 295
296 296
296 297
296 298
296 299
296 300
296 301
296 302
296 303
296 304
296 534
296 535
296 536
296 751
297 145
297 146
297 249
297 250
297 251
297 252
297 253
297 254
297 255
297 256
297 257
297 258
297 259
297 260
297 261
297 262
297 263
297 264
297 265
297 266
297 267
297 268
297 269
297 270
297 271
297 272
297 273
297 274
297 275
297 276
297 277
297 278
297 279
297 280
297 281
297 282
297 283
297 284
297 285
297 286
297 287
297 288
297 289
297 290
297 291
297 292
297 293
297 294
297 295
297 296
297 297
297 298
297 299
297 300
297 301
297 302
297 303
297 304
297 305
297 306
297 307
297 751
298 145
298 246
298 247
298 248
298 249
298 250
298 251
298 252
298 253
298 254
298 255
298 256
298 257
298 258
298 259
298 260
298 261
298 262
298 263
298 264
298 265
298 266
298 267
298 290
298 291
298 292
298 293
298 294
298 295
298 296
298 297
298 298
298 299
298 300
298 301
298 302
298 303
298 304
298 305
298 306
298 307
298 308
298 309
298 310
298 752
299 145
299 243
299 244
299 245
299 246
299 247
299 248
299 249
299 250
299 251
299 252
299 253
299 254
299 255
299 256
299 257
299 258
299 259
299 260
299 296
299 297
299 298
299 299
299 300
299 301
299 302
299 303
299 304
299 305
299 306
299 307
299 308
299 309
299 310
299 311
299 312
299 313
299 752
300 145
300 240
300 241
300 242
300 243
300 244
300 245
300 246
300 247
300 248
300 249
300 250
300 251
300 252
300 253
300 254
300 255
300 256
300 300
300 301
300 302
300 303
300 304
300 305
300 306
300 307
300 308
300 309
300 310
300 311
300 312
300 313
300 314
300 315
300 316
300 752
301 144
301 238
301 239
301 240
301 241
301 242
301 243
301 244
301 245
301 246
301 247
301 248
301 249
301 250
301 251
301 252
301 304
301 305
301 306
301 307
301 308
301 309
301 310
301 311
301 312
301 313
301 314
301 315
301 316
301 317
301 318
301 753
302 143
302 236
302 237
302 238
302 239
302 240
302 241
302 242
302 243
302 244
302 245
302 246
302 247
302 248
302 249
302 308
302 309
302 310
302 311
302 312
302 313
302 314
302 315
302 316
302 317
302 318
302 319
302 320
302 753
303 142
303 143
303 234
303 235
303 236
303 237
303 238
303 239
303 240
303 241
303 242
303 243
303 244
303 245
303 246
303 310
303 311
303 312
303 313
303 314
303 315
303 316
303 317
303 318
303 319
303 320
303 321
303 322
303 323
303 754
304 142
304 232
304 233
304 234
304 235
304 236
304 237
304 238
304 239
304 240
304 241
304 242
304 243
304 313
304 314
304 315
304 316
304 317
304 318
304 319
304 320
304 321
304 322
304 323
304 324
304 754
305 142
305 230
305 231
305 232
305 233
305 234
305 235
305 236
305 237
305 238
305 239
305 240
305 316
305 317
305 318
305 319
305 320
305 321
305 322
305 323
305 324
305 325
305 326
305 754
305 755
306 142
306 228
306 229
306 230
306 231
306 232
306 233
306 234
306 235
306 236
306 237
306 238
306 318
306 319
306 320
306 321
306 322
306 323
306 324
306 325
306 326
306 327
306 328
306 756
307 141
307 142
307 226
307 227
307 228
307 229
307 230
307 231
307 232
307 233
307 234
307 235
307 236
307 320
307 321
307 322
307 323
307 324
307 325
307 326
307 327
307 328
307 329
307 330
307 756
308 141
308 225
308 226
308 227
308 228
308 229
308 230
308 231
308 232
308 233
308 234
308 322
308 323
308 324
308 325
308 326
308 327
308 328
308 329
308 330
308 331
308 757
309 140
309 223
309 224
309 225
309 226
309 227
309 228
309 229
309 230
309 231
309 232
309 324
309 325
309 326
309 327
309 328
309 329
309 330
309 331
309 332
309 333
309 758
310 140
310 221
310 222
310 223
310 224
310 225
310 226
310 227
310 228
310 229
310 230
310 326
310 327
310 328
310 329
310 330
310 331
310 332
310 333
310 334
310 759
311 139
311 140
311 220
311 221
311 222
311 223
311 224
311 225
311 226
311 227
311 228
311 328
311 329
311 330
311 331
311 332
311 333
311 334
311 335
311 336
311 760
312 139
312 218
312 219
312 220
312 221
312 222
312 223
312 224
312 225
312 226
312 227
312 329
312 330
312 331
312 332
312 333
312 334
312 335
312 336
312 337
312 761
313 138
313 139
313 217
313 218
313 219
313 220
313 221
313 222
313 223
313 224
313 225
313 331
313 332
313 333
313 334
313 335
313 336
313 337
313 338
313 339
313 762
314 138
314 217
314 218
314 219
314 220
314 221
314 222
314 223
314 332
314 333
314 334
314 335
314 336
314 337
314 338
314 339
314 340
314 763
315 138
315 217
315 218
315 219
315 220
315 221
315 222
315 334
315 335
315 336
315 337
315 338
315 339
315 340
315 341
315 764
316 138
316 218
316 219
316 220
316 335
316 336
316 337
316 338
316 339
316 340
316 341
316 342
316 765
317 137
317 138
317 337
317 338
317 339
317 340
317 341
317 342
317 343
317 344
317 766
318 137
318 338
318 339
318 340
318 341
318 342
318 343
318 344
318 345
318 767
319 136
319 339
319 340
319 341
319 342
319 343
319 344
319 345
319 346
319 767
319 768
320 136
320 340
320 341
320 342
320 343
320 344
320 345
320 346
320 347
320 768
321 135
321 342
321 343
321 344
321 345
321 346
321 347
321 348
321 769
321 770
322 135
322 343
322 344
322 345
322 346
322 347
322 348
322 349
322 770
323 135
323 344
323 345
323 346
323 347
323 348
323 349
323 350
323 770
324 135
324 345
324 346
324 347
324 348
324 349
324 350
324 351
324 771
325 135
325 346
325 347
325 348
325 349
325 350
325 351
325 352
325 464
325 465
325 466
325 467
325 468
325 469
325 470
325 471
325 472
325 473
325 474
325 475
325 476
325 477
325 478
325 479
325 480
325 481
325 482
325 483
325 484
325 485
325 486
325 487
325 488
325 489
325 490
325 491
325 492
325 493
325 494
325 495
325 496
325 497
325 498
325 499
325 500
325 501
325 502
325 503
325 504
325 505
325 506
325 507
325 508
325 509
325 510
325 511
325 512
325 513
325 514
325 515
325 516
325 517
325 518
325 519
325 520
325 772
326 135
326 347
326 348
326 349
326 350
326 351
326 352
326 353
326 456
326 457
326 458
326 459
326 460
326 461
326 462
326 463
326 464
326 465
326 466
326 467
326 468
326 469
326 470
326 471
326 472
326 473
326 474
326 475
326 476
326 477
326 478
326 479
326 480
326 481
326 482
326 483
326 484
326 485
326 486
326 487
326 488
326 489
326 490
326 491
326 492
326 493
326 494
326 495
326 496
326 497
326 498
326 499
326 500
326 501
326 502
326 503
326 504
326 505
326 506
326 507
326 508
326 509
326 510
326 511
326 512
326 513
326 514
326 515
326 516
326 517
326 518
326 519
326 520
326 521
326 522
326 523
326 524
326 525
326 526
326 527
326 528
326 529
326 530
326 531
326 532
326 533
326 534
326 535
326 536
326 537
326 538
326 773
327 135
327 348
327 349
327 350
327 351
327 352
327 353
327 354
327 451
327 452
327 453
327 454
327 455
327 456
327 457
327 458
327 459
327 460
327 461
327 462
327 463
327 464
327 465
327 466
327 467
327 468
327 469
327 470
327 471
327 472
327 473
327 474
327 475
327 476
327 477
327 478
327 479
327 480
327 481
327 482
327 483
327 484
327 485
327 486
327 487
327 488
327 489
327 490
327 491
327 492
327 493
327 494
327 495
327 496
327 497
327 498
327 499
327 500
327 501
327 502
327 503
327 504
327 505
327 506
327 507
327 508
327 509
327 510
327 511
327 512
327 513
327 514
327 515
327 516
327 517
327 518
327 519
327 520
327 521
327 522
327 523
327 524
327 525
327 526
327 527
327 528
327 529
327 530
327 531
327 532
327 533
327 534
327 535
327 536
327 537
327 538
327 539
327 540
327 541
327 542
327 543
327 544
327 545
327 546
327 547
327 548
327 549
327 550
327 551
327 552
327 774
328 135
328 349
328 350
328 351
328 352
328 353
328 354
328 355
328 447
328 448
328 449
328 450
328 451
328 452
328 453
328 454
328 455
328 456
328 457
328 458
328 459
328 460
328 461
328 462
328 463
328 464
328 465
328 466
328 467
328 468
328 469
328 470
328 471
328 472
328 473
328 474
328 475
328 476
328 477
328 478
328 479
328 480
328 481
328 482
328 483
328 484
328 485
328 486
328 487
328 488
328 489
328 490
328 491
328 492
328 493
328 494
328 495
328 496
328 497
328 498
328 499
328 500
328 501
328 502
328 503
328 504
328 505
328 506
328 507
328 508
328 509
328 510
328 511
328 512
328 513
328 514
328 515
328 516
328 517
328 518
328 519
328 520
328 521
328 522
328 523
328 524
328 525
328 526
328 527
328 528
328 529
328 530
328 531
328 532
328 533
328 534
328 535
328 536
328 537
328 538
328 539
328 540
328 541
328 542
328 543
328 544
328 545
328 546
328 547
328 548
328 549
328 550
328 551
328 552
328 553
328 554
328 555
328 556
328 557
328 558
328 559
328 560
328 561
328 562
328 563
328 564
328 565
328 566
328 775
329 135
329 350
329 351
329 352
329 353
329 354
329 355
329 444
329 445
329 446
329 447
329 448
329 449
329 450
329 451
329 452
329 453
329 454
329 455
329 456
329 457
329 458
329 459
329 460
329 461
329 462
329 463
329 464
329 465
329 466
329 467
329 468
329 469
329 470
329 471
329 472
329 473
329 474
329 475
329 476
329 477
329 478
329 479
329 480
329 481
329 482
329 483
329 484
329 485
329 486
329 487
329 488
329 489
329 490
329 491
329 492
329 493
329 494
329 495
329 496
329 497
329 498
329 499
329 500
329 501
329 502
329 503
329 504
329 505
329 506
329 507
329 508
329 509
329 510
329 511
329 512
329 513
329 514
329 515
329 516
329 517
329 518
329 519
329 520
329 521
329 522
329 523
329 524
329 525
329 526
329 527
329 528
329 529
329 530
329 531
329 532
329 533
329 534
329 535
329 536
329 537
329 538
329 539
329 540
329 541
329 542
329 543
329 544
329 545
329 546
329 547
329 548
329 549
329 550
329 551
329 552
329 553
329 554
329 555
329 556
329 557
329 558
329 559
329 560
329 561
329 562
329 563
329 564
329 565
329 566
329 567
329 568
329 569
329 570
329 571
329 572
329 573
329 574
329 575
329 576
329 577
329 578
329 579
329 776
329 777
329 778
330 135
330 351
330 352
330 353
330 354
330 355
330 356
330 442
330 443
330 444
330 445
330 446
330 447
330 448
330 449
330 450
330 451
330 452
330 453
330 454
330 455
330 456
330 457
330 458
330 459
330 460
330 461
330 462
330 463
330 522
330 523
330 524
330 525
330 526
330 527
330 528
330 529
330 530
330 531
330 532
330 533
330 534
330 535
330 536
330 537
330 538
330 539
330 540
330 541
330 542
330 543
330 544
330 545
330 546
330 547
330 548
330 549
330 550
330 551
330 552
330 553
330 554
330 555
330 556
330 557
330 558
330 559
330 560
330 561
330 562
330 563
330 564
330 565
330 566
330 567
330 568
330 569
330 570
330 571
330 572
330 573
330 574
330 575
330 576
330 577
330 578
330 579
330 580
330 581
330 582
330 583
330 584
330 585
330 586
330 587
330 588
330 589
330 590
330 591
330 592
330 778
331 135
331 352
331 353
331 354
331 355
331 356
331 357
331 440
331 441
331 442
331 443
331 444
331 445
331 446
331 447
331 448
331 449
331 450
331 451
331 452
331 453
331 454
331 455
331 539
331 540
331 541
331 542
331 543
331 544
331 545
331 546
331 547
331 548
331 549
331 550
331 551
331 552
331 553
331 554
331 555
331 556
331 557
331 558
331 559
331 560
331 561
331 562
331 563
331 564
331 565
331 566
331 567
331 568
331 569
331 570
331 571
331 572
331 573
331 574
331 575
331 576
331 577
331 578
331 579
331 580
331 581
331 582
331 583
331 584
331 585
331 586
331 587
331 588
331 589
331 590
331 591
331 592
331 593
331 594
331 595
331 596
331 597
331 598
331 599
331 600
331 601
331 602
331 603
331 604
331 778
331 779
331 780
332 135
332 352
332 353
332 354
332 355
332 356
332 357
332 358
332 439
332 440
332 441
332 442
332 443
332 444
332 445
332 446
332 447
332 448
332 449
332 450
332 554
332 555
332 556
332 557
332 558
332 559
332 560
332 561
332 562
332 563
332 564
332 565
332 566
332 567
332 568
332 569
332 570
332 571
332 572
332 573
332 574
332 575
332 576
332 577
332 578
332 579
332 580
332 581
332 582
332 583
332 584
332 585
332 586
332 587
332 588
332 589
332 590
332 591
332 592
332 593
332 594
332 595
332 596
332 597
332 598
332 599
332 600
332 601
332 602
332 603
332 604
332 605
332 606
332 607
332 608
332 609
332 610
332 611
332 612
332 613
332 614
332 615
332 616
332 781
333 135
333 353
333 354
333 355
333 356
333 357
333 358
333 437
333 438
333 439
333 440
333 441
333 442
333 443
333 444
333 445
333 446
333 447
333 567
333 568
333 569
333 570
333 571
333 572
333 573
333 574
333 575
333 576
333 577
333 578
333 579
333 580
333 581
333 582
333 583
333 584
333 585
333 586
333 587
333 588
333 589
333 590
333 591
333 592
333 593
333 594
333 595
333 596
333 597
333 598
333 599
333 600
333 601
333 602
333 603
333 604
333 605
333 606
333 607
333 608
333 609
333 610
333 611
333 612
333 613
333 614
333 615
333 616
333 617
333 618
333 619
333 620
333 621
333 622
333 623
333 624
333 625
333 626
333 627
333 782
334 135
334 354
334 355
334 356
334 357
334 358
334 359
334 436
334 437
334 438
334 439
334 440
334 441
334 442
334 443
334 444
334 580
334 581
334 582
334 583
334 584
334 585
334 586
334 587
334 588
334 589
334 590
334 591
334 592
334 593
334 594
334 595
334 596
334 597
334 598
334 599
334 600
334 601
334 602
334 603
334 604
334 605
334 606
334 607
334 608
334 609
334 610
334 611
334 612
334 613
334 614
334 615
334 616
334 617
334 618
334 619
334 620
334 621
334 622
334 623
334 624
334 625
334 626
334 627
334 628
334 629
334 630
334 631
334 632
334 633
334 634
334 635
334 636
334 637
334 638
334 639
334 782
335 135
335 355
335 356
335 357
335 358
335 359
335 360
335 435
335 436
335 437
335 438
335 439
335 440
335 441
335 442
335 593
335 594
335 595
335 596
335 597
335 598
335 599
335 600
335 601
335 602
335 603
335 604
335 605
335 606
335 607
335 608
335 609
335 610
335 611
335 612
335 613
335 614
335 615
335 616
335 617
335 618
335 619
335 620
335 621
335 622
335 623
335 624
335 625
335 626
335 627
335 628
335 629
335 630
335 631
335 632
335 633
335 634
335 635
335 636
335 637
335 638
335 639
335 640
335 641
335 642
335 643
335 644
335 645
335 646
335 647
335 648
335 649
335 650
335 651
335 782
335 783
335 784
336 135
336 355
336 356
336 357
336 358
336 359
336 360
336 434
336 435
336 436
336 437
336 438
336 439
336 440
336 441
336 605
336 606
336 607
336 608
336 609
336 610
336 611
336 612
336 613
336 614
336 615
336 616
336 617
336 618
336 619
336 620
336 621
336 622
336 623
336 624
336 625
336 626
336 627
336 628
336 629
336 630
336 631
336 632
336 633
336 634
336 635
336 636
336 637
336 638
336 639
336 640
336 641
336 642
336 643
336 644
336 645
336 646
336 647
336 648
336 649
336 650
336 651
336 652
336 653
336 654
336 655
336 656
336 657
336 658
336 784
337 135
337 356
337 357
337 358
337 359
337 360
337 361
337 434
337 435
337 436
337 437
337 438
337 439
337 617
337 618
337 619
337 620
337 621
337 622
337 623
337 624
337 625
337 626
337 627
337 628
337 629
337 630
337 631
337 632
337 633
337 634
337 635
337 636
337 637
337 638
337 639
337 640
337 641
337 642
337 643
337 644
337 645
337 646
337 647
337 648
337 649
337 650
337 651
337 652
337 653
337 654
337 655
337 656
337 657
337 658
337 659
337 784
338 135
338 357
338 358
338 359
338 360
338 361
338 362
338 433
338 434
338 435
338 436
338 437
338 438
338 629
338 630
338 631
338 632
338 633
338 634
338 635
338 636
338 637
338 638
338 639
338 640
338 641
338 642
338 643
338 644
338 645
338 646
338 647
338 648
338 649
338 650
338 651
338 652
338 653
338 654
338 655
338 656
338 657
338 658
338 659
338 785
338 786
339 135
339 357
339 358
339 359
339 360
339 361
339 362
339 433
339 434
339 435
339 436
339 437
339 640
339 641
339 642
339 643
339 644
339 645
339 646
339 647
339 648
339 649
339 650
339 651
339 652
339 653
339 654
339 655
339 656
339 657
339 658
339 659
339 786
339 787
339 788
340 135
340 358
340 359
340 360
340 361
340 362
340 363
340 432
340 433
340 434
340 435
340 436
340 437
340 652
340 653
340 654
340 655
340 656
340 657
340 658
340 789
341 136
341 359
341 360
341 361
341 362
341 363
341 432
341 433
341 434
341 435
341 436
341 790
342 136
342 359
342 360
342 361
342 362
342 363
342 364
342 432
342 433
342 434
342 435
342 436
342 791
343 136
343 137
343 360
343 361
343 362
343 363
343 364
343 432
343 433
343 434
343 435
343 436
343 792
344 137
344 360
344 361
344 362
344 363
344 364
344 365
344 432
344 433
344 434
344 435
344 436
344 793
345 137
345 361
345 362
345 363
345 364
345 365
345 432
345 433
345 434
345 435
345 436
345 794
346 137
346 361
346 362
346 363
346 364
346 365
346 366
346 432
346 433
346 434
346 435
346 436
346 795
347 137
347 362
347 363
347 364
347 365
347 366
347 432
347 433
347 434
347 435
347 436
347 796
348 137
348 362
348 363
348 364
348 365
348 366
348 432
348 433
348 434
348 435
348 436
348 797
349 138
349 362
349 363
349 364
349 365
349 366
349 367
349 432
349 433
349 434
349 435
349 436
349 798
350 138
350 363
350 364
350 365
350 366
350 367
350 432
350 433
350 434
350 435
350 436
350 799
350 800
350 801
351 138
351 139
351 363
351 364
351 365
351 366
351 367
351 432
351 433
351 434
351 435
351 436
351 437
351 802
352 139
352 363
352 364
352 365
352 366
352 367
352 368
352 433
352 434
352 435
352 436
352 437
352 803
352 804
352 805
352 806
352 807
353 139
353 364
353 365
353 366
353 367
353 368
353 433
353 434
353 435
353 436
353 437
353 808
354 139
354 364
354 365
354 366
354 367
354 368
354 433
354 434
354 435
354 436
354 437
354 438
354 809
354 810
354 811
354 812
354 813
355 139
355 364
355 365
355 366
355 367
355 368
355 434
355 435
355 436
355 437
355 438
355 814
356 139
356 364
356 365
356 366
356 367
356 368
356 369
356 434
356 435
356 436
356 437
356 438
356 815
356 816
356 817
356 818
356 819
357 139
357 365
357 366
357 367
357 368
357 369
357 434
357 435
357 436
357 437
357 438
357 439
357 819
358 139
358 365
358 366
358 367
358 368
358 369
358 435
358 436
358 437
358 438
358 439
358 819
359 139
359 365
359 366
359 367
359 368
359 369
359 435
359 436
359 437
359 438
359 439
359 440
359 819
360 139
360 365
360 366
360 367
360 368
360 369
360 436
360 437
360 438
360 439
360 440
360 819
361 140
361 365
361 366
361 367
361 368
361 369
361 436
361 437
361 438
361 439
361 440
361 441
361 819
362 140
362 365
362 366
362 367
362 368
362 369
362 437
362 438
362 439
362 440
362 441
362 819
363 140
363 141
363 365
363 366
363 367
363 368
363 369
363 437
363 438
363 439
363 440
363 441
363 442
363 819
364 141
364 365
364 366
364 367
364 368
364 369
364 438
364 439
364 440
364 441
364 442
364 819
365 141
365 142
365 365
365 366
365 367
365 368
365 369
365 438
365 439
365 440
365 441
365 442
365 443
365 818
366 142
366 365
366 366
366 367
366 368
366 369
366 439
366 440
366 441
366 442
366 443
366 444
366 817
367 142
367 364
367 365
367 366
367 367
367 368
367 439
367 440
367 441
367 442
367 443
367 444
367 816
368 142
368 364
368 365
368 366
368 367
368 368
368 440
368 441
368 442
368 443
368 444
368 445
368 815
369 142
369 143
369 364
369 365
369 366
369 367
369 368
369 441
369 442
369 443
369 444
369 445
369 813
369 814
370 143
370 363
370 364
370 365
370 366
370 367
370 368
370 441
370 442
370 443
370 444
370 445
370 446
370 811
370 812
371 144
371 363
371 364
371 365
371 366
371 367
371 442
371 443
371 444
371 445
371 446
371 447
371 810
372 145
372 362
372 363
372 364
372 365
372 366
372 367
372 442
372 443
372 444
372 445
372 446
372 447
372 809
373 146
373 362
373 363
373 364
373 365
373 366
373 367
373 443
373 444
373 445
373 446
373 447
373 448
373 808
374 147
374 361
374 362
374 363
374 364
374 365
374 366
374 444
374 445
374 446
374 447
374 448
374 449
374 807
375 148
375 360
375 361
375 362
375 363
375 364
375 365
375 444
375 445
375 446
375 447
375 448
375 449
375 806
376 149
376 359
376 360
376 361
376 362
376 363
376 364
376 365
376 445
376 446
376 447
376 448
376 449
376 450
376 805
377 149
377 150
377 358
377 359
377 360
377 361
377 362
377 363
377 364
377 446
377 447
377 448
377 449
377 450
377 451
377 804
378 150
378 357
378 358
378 359
378 360
378 361
378 362
378 363
378 446
378 447
378 448
378 449
378 450
378 451
378 802
378 803
379 151
379 152
379 356
379 357
379 358
379 359
379 360
379 361
379 362
379 447
379 448
379 449
379 450
379 451
379 452
379 800
379 801
380 152
380 354
380 355
380 356
380 357
380 358
380 359
380 360
380 361
380 448
380 449
380 450
380 451
380 452
380 453
380 800
381 152
381 352
381 353
381 354
381 355
381 356
381 357
381 358
381 359
381 360
381 448
381 449
381 450
381 451
381 452
381 453
381 798
381 799
382 153
382 350
382 351
382 352
382 353
382 354
382 355
382 356
382 357
382 358
382 359
382 449
382 450
382 451
382 452
382 453
382 454
382 797
383 154
383 155
383 156
383 347
383 348
383 349
383 350
383 351
383 352
383 353
383 354
383 355
383 356
383 357
383 358
383 450
383 451
383 452
383 453
383 454
383 455
383 796
384 156
384 308
384 309
384 310
384 311
384 312
384 313
384 342
384 343
384 344
384 345
384 346
384 347
384 348
384 349
384 350
384 351
384 352
384 353
384 354
384 355
384 356
384 450
384 451
384 452
384 453
384 454
384 455
384 456
384 795
385 157
385 158
385 307
385 308
385 309
385 310
385 311
385 312
385 313
385 314
385 315
385 316
385 317
385 318
385 319
385 320
385 321
385 322
385 323
385 324
385 325
385 333
385 334
385 335
385 336
385 337
385 338
385 339
385 340
385 341
385 342
385 343
385 344
385 345
385 346
385 347
385 348
385 349
385 350
385 351
385 352
385 353
385 354
385 451
385 452
385 453
385 454
385 455
385 456
385 794
385 795
386 159
386 307
386 308
386 309
386 310
386 311
386 312
386 313
386 314
386 315
386 316
386 317
386 318
386 319
386 320
386 321
386 322
386 323
386 324
386 325
386 326
386 327
386 328
386 329
386 330
386 331
386 332
386 333
386 334
386 335
386 336
386 337
386 338
386 339
386 340
386 341
386 342
386 343
386 344
386 345
386 346
386 347
386 348
386 349
386 350
386 351
386 352
386 452
386 453
386 454
386 455
386 456
386 457
386 794
387 160
387 307
387 308
387 309
387 310
387 311
387 312
387 313
387 314
387 315
387 316
387 317
387 318
387 319
387 320
387 321
387 322
387 323
387 324
387 325
387 326
387 327
387 328
387 329
387 330
387 331
387 332
387 333
387 334
387 335
387 336
387 337
387 338
387 339
387 340
387 341
387 342
387 343
387 344
387 345
387 346
387 347
387 348
387 349
387 453
387 454
387 455
387 456
387 457
387 458
387 792
387 793
388 161
388 162
388 308
388 309
388 310
388 311
388 312
388 313
388 314
388 315
388 316
388 317
388 318
388 319
388 320
388 321
388 322
388 323
388 324
388 325
388 326
388 327
388 328
388 329
388 330
388 331
388 332
388 333
388 334
388 335
388 336
388 337
388 338
388 339
388 340
388 341
388 342
388 343
388 344
388 345
388 346
388 347
388 453
388 454
388 455
388 456
388 457
388 458
388 792
389 162
389 163
389 314
389 315
389 316
389 317
389 318
389 319
389 320
389 321
389 322
389 323
389 324
389 325
389 326
389 327
389 328
389 329
389 330
389 331
389 332
389 333
389 334
389 335
389 336
389 337
389 338
389 339
389 340
389 341
389 342
389 454
389 455
389 456
389 457
389 458
389 459
389 791
390 164
390 327
390 328
390 329
390 330
390 331
390 332
390 455
390 456
390 457
390 458
390 459
390 460
390 791
391 164
391 165
391 456
391 457
391 458
391 459
391 460
391 461
391 790
392 166
392 167
392 456
392 457
392 458
392 459
392 460
392 461
392 789
393 168
393 457
393 458
393 459
393 460
393 461
393 462
393 788
394 169
394 458
394 459
394 460
394 461
394 462
394 463
394 787
395 170
395 171
395 172
395 459
395 460
395 461
395 462
395 463
395 464
395 786
396 172
396 459
396 460
396 461
396 462
396 463
396 464
396 465
396 785
397 173
397 174
397 460
397 461
397 462
397 463
397 464
397 465
397 784
398 174
398 175
398 461
398 462
398 463
398 464
398 465
398 466
398 783
399 176
399 462
399 463
399 464
399 465
399 466
399 467
399 780
399 781
399 782
400 177
400 462
400 463
400 464
400 465
400 466
400 467
400 468
400 780
401 178
401 463
401 464
401 465
401 466
401 467
401 468
401 778
401 779
402 179
402 464
402 465
402 466
402 467
402 468
402 469
402 777
403 180
403 465
403 466
403 467
403 468
403 469
403 470
403 776
404 181
404 465
404 466
404 467
404 468
404 469
404 470
404 471
404 776
405 182
405 466
405 467
405 468
405 469
405 470
405 471
405 775
406 183
406 467
406 468
406 469
406 470
406 471
406 472
406 775
407 184
407 468
407 469
407 470
407 471
407 472
407 473
407 772
407 773
407 774
408 185
408 468
408 469
408 470
408 471
408 472
408 473
408 474
408 771
408 772
409 186
409 469
409 470
409 471
409 472
409 473
409 474
409 771
410 187
410 470
410 471
410 472
410 473
410 474
410 475
410 769
410 770
410 771
411 188
411 189
411 190
411 471
411 472
411 473
411 474
411 475
411 476
411 768
412 190
412 471
412 472
412 473
412 474
412 475
412 476
412 477
412 767
413 190
413 191
413 192
413 472
413 473
413 474
413 475
413 476
413 477
413 478
413 767
414 193
414 473
414 474
414 475
414 476
414 477
414 478
414 767
415 194
415 474
415 475
415 476
415 477
415 478
415 479
415 767
416 194
416 475
416 476
416 477
416 478
416 479
416 480
416 767
417 194
417 195
417 475
417 476
417 477
417 478
417 479
417 480
417 481
417 767
418 195
418 476
418 477
418 478
418 479
418 480
418 481
418 767
419 196
419 477
419 478
419 479
419 480
419 481
419 482
419 767
420 197
420 478
420 479
420 480
420 481
420 482
420 483
420 767
421 198
421 478
421 479
421 480
421 481
421 482
421 483
421 484
421 767
422 199
422 479
422 480
422 481
422 482
422 483
422 484
422 485
422 767
423 200
423 480
423 481
423 482
423 483
423 484
423 485
423 767
424 201
424 481
424 482
424 483
424 484
424 485
424 486
424 767
425 202
425 482
425 483
425 484
425 485
425 486
425 487
425 767
426 202
426 482
426 483
426 484
426 485
426 486
426 487
426 767
427 202
427 203
427 483
427 484
427 485
427 486
427 487
427 767
428 203
428 484
428 485
428 486
428 767
429 204
429 767
430 205
430 767
431 206
431 767
432 207
432 762
432 763
432 764
432 765
432 766
432 767
433 207
433 758
433 759
433 760
433 761
433 762
434 207
434 757
434 758
435 208
435 754
435 755
435 756
436 208
436 741
436 742
436 743
436 744
436 745
436 746
436 747
436 748
436 749
436 750
436 751
436 752
436 753
436 754
437 209
437 210
437 740
438 210
438 737
438 738
438 739
439 210
439 737
440 211
440 735
440 736
440 737
441 212
441 733
441 734
442 212
442 731
442 732
443 212
443 213
443 728
443 729
443 730
444 213
444 728
445 213
445 726
445 727
446 213
446 725
447 214
447 722
447 723
447 724
448 215
448 721
448 722
449 216
449 718
449 719
449 720
450 217
450 718
451 218
451 716
451 717
451 718
452 218
452 715
453 218
453 219
453 713
453 714
454 219
454 220
454 709
454 710
454 711
454 712
455 220
455 221
455 222
455 708
456 223
456 690
456 691
456 692
456 693
456 694
456 695
456 696
456 697
456 698
456 699
456 700
456 701
456 702
456 703
456 704
456 705
456 706
456 707
457 223
457 686
457 687
457 688
457 689
457 690
458 223
458 650
458 651
458 652
458 653
458 654
458 655
458 656
458 657
458 658
458 659
458 660
458 661
458 662
458 663
458 664
458 665
458 666
458 667
458 668
458 669
458 670
458 671
458 672
458 673
458 674
458 675
458 676
458 677
458 678
458 679
458 680
458 681
458 682
458 683
458 684
458 685
459 223
459 646
459 647
459 648
459 649
459 650
460 223
460 224
460 225
460 226
460 227
460 615
460 616
460 617
460 618
460 619
460 620
460 621
460 622
460 623
460 624
460 625
460 626
460 627
460 628
460 629
460 630
460 631
460 632
460 633
460 634
460 635
460 636
460 637
460 638
460 639
460 640
460 641
460 642
460 643
460 644
460 645
460 646
461 227
461 614
462 227
462 607
462 608
462 609
462 610
462 611
462 612
462 613
463 227
463 606
464 227
464 228
464 229
464 601
464 602
464 603
464 604
464 605
465 229
465 600
466 229
466 230
466 231
466 232
466 233
466 599
467 233
467 596
467 597
467 598
468 233
468 234
468 235
468 596
469 235
469 594
469 595
470 235
470 236
470 237
470 587
470 588
470 589
470 590
470 591
470 592
470 593
471 237
471 584
471 585
471 586
472 237
472 238
472 239
472 240
472 241
472 242
472 243
472 244
472 245
472 246
472 247
472 248
472 249
472 250
472 251
472 252
472 253
472 254
472 584
473 254
473 255
473 256
473 257
473 258
473 582
473 583
474 258
474 259
474 260
474 261
474 262
474 263
474 264
474 581
475 264
475 265
475 266
475 578
475 579
475 580
476 267
476 268
476 578
477 269
477 270
477 271
477 576
477 577
477 578
478 272
478 273
478 274
478 275
478 276
478 277
478 278
478 279
478 280
478 574
478 575
479 280
479 281
479 282
479 283
479 284
479 572
479 573
479 574
480 284
480 285
480 286
480 569
480 570
480 571
481 286
481 287
481 288
481 289
481 290
481 566
481 567
481 568
482 290
482 291
482 292
482 293
482 294
482 295
482 296
482 297
482 298
482 299
482 300
482 559
482 560
482 561
482 562
482 563
482 564
482 565
482 566
483 300
483 301
483 302
483 303
483 304
483 556
483 557
483 558
484 304
484 305
484 306
484 307
484 308
484 309
484 310
484 311
484 312
484 313
484 314
484 555
484 556
485 314
485 315
485 316
485 317
485 318
485 319
485 320
485 553
485 554
486 321
486 322
486 323
486 324
486 551
486 552
487 324
487 325
487 326
487 548
487 549
487 550
488 327
488 547
488 548
489 328
489 545
489 546
490 329
490 330
490 331
490 332
490 333
490 334
490 335
490 336
490 337
490 338
490 537
490 538
490 539
490 540
490 541
490 542
490 543
490 544
491 338
491 339
491 340
491 537
492 341
492 342
492 343
492 344
492 345
492 346
492 347
492 348
492 349
492 350
492 351
492 352
492 353
492 354
492 355
492 356
492 357
492 358
492 359
492 360
492 361
492 362
492 363
492 364
492 365
492 366
492 367
492 368
492 369
492 370
492 371
492 372
492 373
492 374
492 375
492 376
492 377
492 378
492 379
492 380
492 495
492 496
492 497
492 498
492 499
492 500
492 501
492 502
492 503
492 504
492 505
492 506
492 507
492 508
492 509
492 510
492 511
492 512
492 513
492 514
492 515
492 516
492 517
492 518
492 519
492 520
492 521
492 522
492 523
492 524
492 525
492 526
492 527
492 528
492 529
492 530
492 531
492 532
492 533
492 534
492 535
492 536
492 537
493 381
493 382
493 383
493 490
493 491
493 492
493 493
493 494
494 384
494 385
494 386
494 387
494 388
494 389
494 390
494 391
494 392
494 393
494 394
494 395
494 396
494 397
494 398
494 399
494 400
494 401
494 402
494 403
494 404
494 405
494 406
494 407
494 408
494 409
494 410
494 411
494 412
494 413
494 414
494 415
494 416
494 417
494 418
494 419
494 420
494 421
494 422
494 423
494 424
494 425
494 426
494 427
494 428
494 429
494 430
494 431
494 432
494 433
494 434
494 435
494 436
494 437
494 438
494 439
494 440
494 441
494 442
494 443
494 444
494 445
494 446
494 447
494 448
494 449
494 450
494 451
494 452
494 453
494 454
494 455
494 456
494 457
494 458
494 459
494 460
494 461
494 462
494 463
494 464
494 465
494 466
494 467
494 468
494 469
494 470
494 471
494 472
494 473
494 474
494 475
494 476
494 477
494 478
494 479
494 480
494 481
494 482
494 483
494 484
494 485
494 486
494 487
494 488
494 489
